1- -1 -5 -100 100 0.5 0.9 1.0 0.999 0.999 500 
2- -1 -5 -100 500 0.5 0.9 1.0 0.999 0.999 500 
3- -5 -5 -100 100 0.5 0.9 1.0 0.999 0.999 500
4- -1 -20 -200 100 0.5 0.9 1.0 0.999 0.999 500
5- -1 -5 -100 100 0.1 0.9 1.0 0.999 0.999 500
6- -1 -5 -100 100 0.9 0.9 1.0 0.999 0.999 500
7- -1 -5 -100 100 0.5 0.5 1.0 0.999 0.999 500
8- -1 -5 -100 100 0.5 0.99 1.0 0.999 0.999 500
9- -1 -5 -100 100 0.5 0.9 0.2 0.999 0.999 500
10- -1 -5 -100 100 0.5 0.9 1.0 0.995 0.995 500
11- -1 -5 -100 100 0.5 0.9 1.0 0.99 0.99 100
12- -1 -5 -100 100 0.5 0.9 1.0 1.0 1.0 500
13- -1 -1 -1 100 0.5 0.9 1.0 0.999 0.999 500
14- 0 -10 -100 100 0.5 0.9 1.0 0.999 0.999 500
15- -1 -5 -100 200 0.8 0.95 1.0 0.999 0.999 500
16- -1 -10 -150 100 0.2 0.8 1.0 0.999 0.999 500
17- -1 -5 -100 100 0.5 0.9 1.0 0.999 0.999 100
18- -1 -5 -100 100 0.5 0.9 1.0 0.999 0.999 1000
19- -1 -20 -100 200 0.5 0.9 1.0 0.999 0.999 500
20- -1 -5 -100 500 0.9 0.99 1.0 0.99 0.99 100
